1.1072	6.7060	1.3257	12.3812	0.8520	10.6270	1.1071	15.6513	0.4995	12.5422	0.8289	16.2816	
3.0000	0.0000	
1.5815	5.9883	1.5775	11.9956	1.1145	8.9210	1.2980	14.5413	0.6491	9.9621	0.9882	14.3927	
3.0000	0.0000	
2.0404	6.7262	1.8219	12.3892	1.4539	8.0787	1.5060	14.0477	0.8844	7.8173	1.1830	13.0132	
3.0000	0.0000	
2.3585	8.5374	2.0380	13.4631	1.8208	8.2874	1.7174	14.1755	1.2576	6.3525	1.4113	12.1965	
3.0000	0.0000	
2.5614	10.8659	2.2237	15.0425	2.1393	9.4875	1.9243	14.9123	1.7489	6.1323	1.6652	12.0754	
3.0000	0.0000	
