0 0 0 2.999 5.998 3.004 12.01 6.998 7.998 7 14 11.01 6.008 11 12 
3 0 0 2.999 5.998 3.004 12.01 6.998 7.998 7 14 11.01 6.008 11 12 
3.04 0.009961 -0.003567 2.998 5.998 3.004 12.01 6.999 8.001 7.004 14 11 6.005 11 12 
6.04 -0.0007407 -0.003567 2.998 5.998 3.004 12.01 6.999 8.001 7.004 14 11 6.005 11 12 
6.013 -0.01338 -0.005492 3 5.999 3.003 12.01 6.999 8.002 7.002 14 11 6.006 11 12 
9.013 -0.02986 -0.005492 3 5.999 3.003 12.01 6.999 8.002 7.002 14 11 6.006 11 12 
9.032 -0.03273 -0.002591 2.999 6 3.002 12.01 7 8.002 7.001 14 11 6.006 11 12 
12.03 -0.0405 -0.002591 2.999 6 3.002 12.01 7 8.002 7.001 14 11 6.006 11 12 
12.03 -0.03574 -0.009153 2.999 6.001 3.004 12 6.999 8.003 7 14 11 6.007 11 12 
15.03 -0.0632 -0.009153 2.999 6.001 3.004 12 6.999 8.003 7 14 11 6.007 11 12 
